0t  8  3  5  1  2  7  4  0  6
1t  8  3  5  1  2  7  0  4  6
2t  8  3  5  0  2  7  1  4  6
3t  8  3  5  2  0  7  1  4  6
4t  8  3  5  2  7  0  1  4  6
5t  8  3  0  2  7  5  1  4  6
6t  8  0  3  2  7  5  1  4  6
7t  0  8  3  2  7  5  1  4  6
8t  2  8  3  0  7  5  1  4  6
9t  2  8  3  1  7  5  0  4  6
10t  2  8  3  1  7  5  4  0  6
11t  2  8  3  1  0  5  4  7  6
12t  2  0  3  1  8  5  4  7  6
13t  0  2  3  1  8  5  4  7  6
14t  1  2  3  0  8  5  4  7  6
15t  1  2  3  4  8  5  0  7  6
16t  1  2  3  4  8  5  7  0  6
17t  1  2  3  4  0  5  7  8  6
18t  1  2  3  4  5  0  7  8  6
19t  1  2  3  4  5  6  7  8  0
